0.72	13,554	192
0.73	13,746	192
0.74	13,938	192
0.75	14,13	193
0.76	14,323	192
0.77	14,515	193
0.78	14,708	193
0.79	14,901	193
0.80	15,094	193
0.81	15,287	193
0.82	15,48	194
0.83	15,674	194
0.84	15,868	194
0.85	16,062	194
0.86	16,256	194
0.87	16,45	195
0.88	16,645	195
0.89	16,84	195
0.90	17,035	195
0.91	17,23	195
0.92	17,423	196
0.93	17,621	196
0.94	17,817	196
0.95	18,013	196
0.96	18,209	196
0.97	18,405	197
0.98	18,602	197
0.99	18,799	197
1.00	18,996	197
1.01	19,193	198
1.02	19,391	198
1.03	19,589	198
1.04	19,787	198
1.05	19,985	199
1.06	20,184	198
1.07	20,382	200
1.08	20,582	199
1.09	20,781	200
1.10	20,981	199
1.11	21,18	201
1.12	21,381	200
1.13	21,581	201
1.14	21,782	201
1.15	21,983	201
1.16	22,184	201
1.17	22,385	202
1.18	22,587	202
1.19	22,789	203
1.20	22,992	203
1.21	23,195	203
1.22	23,398	203
1.23	23,601	204
1.24	23,805	204
1.25	24,009	204
1.26	24,213	205
1.27	24,418	205
1.28	24,623	205
1.29	24,828	206
1.30	25,034	205
1.31	25,239	207
1.32	25,446	207
1.33	25,653	207
1.34	25,86	207
1.35	26,067	208
1.36	26,275	208
1.37	26,483	209
1.38	26,692	209
1.39	26,901	209
1.40	27,11	210
1.41	27,32	210
1.42	27,53	210
1.43	27,74	211
1.44	27,951	212
1.45	28,163	211
1.46	28,374	213
1.47	28,587	212
1.48	28,799	213
1.49	29,012	214
1.50	29,226	213
1.51	29,439